P2
20 20
255
255 255 255 255 120 120 120 120 120 120 120 120 120 120 120 120 255 255 255 255
255 255 255 255 120 120 120 120 120 120 120 120 120 120 120 120 255 255 255 255
255 255 255 255 120 120 120 120 120 120 120 120 120 120 120 120 255 255 255 255
255 255 255 255 120 120 120 120 120 120 120 120 80 80 80 80 0 255 255 255
120 120 120 120 120 120 120 120 255 255 255 255 160 160 160 160 80 120 120 120
120 120 120 120 120 120 120 120 255 255 255 255 160 160 160 160 80 120 120 120
120 120 120 120 120 120 120 120 255 255 255 255 160 160 160 160 80 120 120 120
120 120 120 120 120 120 120 120 255 255 255 255 160 160 160 160 80 120 120 120
120 120 120 120 255 255 255 255 120 120 120 0 255 255 255 255 120 120 120 120
120 120 120 120 255 255 255 255 120 120 0 120 255 255 255 255 120 120 120 120
120 120 120 120 255 255 255 255 120 0 120 120 255 255 255 255 120 120 120 120
120 120 120 120 160 160 160 160 0 120 120 120 255 255 255 255 120 120 120 120
255 255 255 255 160 160 160 160 160 255 255 255 255 255 255 255 255 255 255 255
255 255 255 255 160 160 160 160 160 255 255 255 255 255 255 255 255 255 255 255
255 255 255 255 160 160 160 160 160 255 255 255 255 255 255 255 255 255 255 255
255 255 255 255 160 160 160 160 160 255 255 255 255 255 255 255 255 255 255 255
120 120 120 0 120 120 120 120 255 255 255 255 255 255 255 255 120 120 120 120
120 120 0 120 120 120 120 120 255 255 255 255 255 255 255 255 120 120 120 120
120 0 120 120 120 120 120 120 255 255 255 255 255 255 255 255 120 120 120 120
0 120 120 120 120 120 120 120 255 255 255 255 255 255 255 255 120 120 120 120
