P2
20 20
255
255 255 255 120 255 255 255 255 255 255 255 255 255 255 255 255 255 255 255 255
255 255 255 120 255 255 255 255 255 255 255 255 255 255 255 255 255 255 255 255
255 255 255 255 255 255 255 255 255 255 255 255 255 255 255 255 255 255 255 255
255 255 255 120 255 255 255 255 255 255 255 255 255 255 255 255 255 255 255 255
255 255 255 255 255 120 255 255 255 255 255 255 255 255 255 255 255 255 255 255
255 255 120 255 255 255 255 120 255 255 255 255 255 255 255 255 255 255 255 255
255 255 255 255 255 255 255 255 255 255 255 255 255 255 255 255 255 255 255 255
255 255 255 255 255 255 255 255 255 255 255 255 160 160 160 160 0 120 255 255
255 255 255 255 255 255 255 255 255 255 255 255 160 160 160 160 160 255 255 255
255 255 255 255 255 255 160 160 80 160 160 0 255 255 255 255 255 255 255 255
255 255 255 255 255 255 160 160 160 160 160 160 255 255 255 255 255 255 255 255
255 255 255 255 255 255 160 160 160 160 160 160 255 255 255 255 255 255 255 255
120 255 255 255 255 255 160 160 160 160 160 160 255 255 255 255 255 255 255 255
255 255 255 255 120 255 160 160 160 160 160 160 255 255 255 255 255 255 255 255
255 255 120 255 255 255 160 160 160 160 160 160 255 255 255 255 255 255 255 255
255 120 255 160 160 0 255 255 120 255 120 255 255 255 255 255 255 255 255 255
255 255 255 160 160 160 255 255 255 255 255 255 255 120 255 255 255 255 255 255
160 160 0 255 255 255 255 255 255 255 255 255 255 255 255 255 255 255 255 255
160 160 160 255 255 255 255 255 255 255 255 255 255 120 255 255 255 255 255 255
160 160 160 255 255 255 255 255 255 255 255 255 255 255 255 255 255 255 255 255
