12:44:04 656 746 671 739
12:54:57 137 77 152 606
12:55:00 137 77 152 606
12:55:07 137 77 152 606
12:55:09 137 77 152 606
12:55:24 137 77 152 606
12:55:26 137 77 152 606
12:55:29 137 77 152 606
12:55:35 137 77 152 607
12:55:51 137 77 152 607
12:55:54 137 77 152 607
12:55:59 137 77 152 607
12:56:06 137 77 152 607

13:19:59 639 579 654 649
13:29:06 569 489 584 647

13:33:36 570 490 585 656
13:36:01 570 490 585 661
13:38:41 570 490 585 666

13:51:19 571 491 586 692

14:06:58 572 492 587 723
14:08:17 572 492 587 726
