2016-10-02
Taltru
9:24
(7|9)

10:53:48 754 754 754 800
10:54:26 754 754 754 800
10:54:33 754 754 754 800

10:54:40 755 755 755 800
10:54:46 755 755 755 800
10:54:52 755 755 755 800
10:54:59 755 755 755 800
10:55:05 755 755 755 800
10:55:13 755 755 755 800
10:55:19 755 755 755 800
10:55:28 755 755 755 800
10:55:40 755 755 755 800
10:55:47 755 755 755 800
10:55:53 755 755 755 800
10:55:59 755 755 755 800
10:56:06 755 755 755 800
10:56:12 755 755 755 800
10:56:26 755 755 755 800
10:56:33 755 755 755 800
10:56:19 755 755 755 800
10:56:46 755 755 755 800
10:56:54 755 755 755 800
10:57:03 755 755 755 800
10:57:11 755 755 755 800
10:57:19 755 755 755 800
10:57:28 755 755 755 800
10:57:36 755 755 755 800
10:57:51 755 755 755 800
10:58:00 755 755 755 800
10:58:08 755 755 755 800
10:58:16 755 755 755 800
10:58:24 755 755 755 800
10:58:31 755 755 755 800
10:58:38 755 755 755 800
10:58:45 755 755 755 800
10:58:53 755 755 755 800
10:59:01 755 755 755 800
10:59:09 755 755 755 800
10:59:16 755 755 755 800
10:59:24 755 755 755 800
10:59:32 755 755 755 800
10:59:40 755 755 755 800
10:59:49 755 755 755 800
10:59:57 755 755 755 800
11:00:06 755 755 755 800
11:00:20 755 755 755 800
11:00:28 755 755 755 800
11:00:36 755 755 755 800
11:01:49 755 755 755 800
11:05:54 755 755 755 800
11:06:52 755 755 755 800
11:10:05 755 755 755 800
11:10:13 755 755 755 800

11:15:02 756 756 756 800
11:19:52 756 756 756 800
11:20:03 756 756 756 800
11:24:21 756 756 756 800
11:28:27 756 756 756 800 

13:01:46 401 291 481 719

13:24:32 312 242 407 709
13:24:33 312 242 407 709
13:24:33 312 242 407 709
13:24:34 312 242 407 709
13:24:35 312 242 407 709
13:24:35 312 242 407 709
13:24:36 312 242 407 709
13:24:36 312 242 407 709
13:24:37 312 242 407 709
13:24:37 312 242 407 709
13:24:38 312 242 407 709
13:24:38 312 242 407 709
13:24:39 312 242 407 709
13:24:40 312 242 407 709
13:24:40 312 242 407 709
13:24:41 312 242 407 709
13:24:41 312 242 407 709
13:24:42 312 242 407 709


14:48:33 856 896 986 687
14:48:34 856 896 986 687
14:48:35 856 896 986 687
14:48:36 856 896 986 687
14:48:37 856 896 986 687
14:48:37 856 896 986 687
14:48:38 856 896 986 687
14:48:39 856 896 986 687
14:48:39 856 896 986 687
14:48:40 856 896 986 687
14:48:41 856 896 986 687
14:48:41 856 896 986 687
14:48:42 856 896 986 687
14:48:43 856 896 986 687
14:48:44 856 896 986 687




