P1
40 40
0111001110110010111011001011100111001110
1100101110011100111001110101010111001110
1010101110011100111000000000001100101110
0000000000110010111001110101010111001110
1100100000110010111011001011100111001110
0111010101011100111001110011101110110010
0111010101110010000000000000001100101110
0111000000110010111011001011100111001110
0111010101011100111001110011101110110010
0111001110110010000011001011100111001110
1100100000110010111001110011101100100000
0111001110111011001001110011101110110010
1100100000110010000011001011100111001110
1100100000110010000001110011101100100000
1100101110110010111011001000001100100000
0111001110111011001011001000001100100000
1100101110110010111001110011101100100000
0111001110110010111011001011100111001110
0111001110110010000001110101010111001110
1100100000110010000011001000001100100000
0111001110110010000001110000001100101110
0111001110110010000000000000001100101110
0111000000110010111000000000001100101110
1100100000110010000011001000001100100000
0111001110110010000011001011100111001110
0111000000110010111001110000001100101110
1100100000110010000001110101010111001110
0111001110110010000001110000001100101110
1100101110011100111000000000001100101110
1100100000110010000011001000001100100000
1100101110011100111001110101010111001110
1100100000110010000001110000001100101110
0111000000110010111011001011100111001110
0111001110110010000001110101010111001110
0111001110110010000011001011100111001110
0111000000110010111000000000001100101110
0000000000110010111000000000001100101110
0111001110110010000011001011100111001110
0111001110110010000011001011100111001110
0111001110110010000011001011100111001110
