P2
20 20
255
255 255 255 120 255 255 255 255 255 255 255 255 255 255 255 255 255 255 255 255
255 255 255 120 255 255 255 255 255 255 255 255 255 255 255 255 255 255 255 255
255 255 255 255 255 255 255 255 255 255 255 255 255 255 255 255 255 255 255 255
255 255 255 120 255 255 255 255 255 255 255 255 255 255 255 255 255 255 255 255
255 255 255 255 255 120 255 255 255 255 255 255 255 255 255 255 255 255 255 255
255 255 120 255 255 255 255 120 255 255 255 255 255 255 255 255 255 255 255 255
255 255 255 255 255 255 255 255 255 255 255 255 255 255 255 255 255 255 255 255
255 255 255 255 255 255 255 255 255 255 255 255 255 255 255 255 120 120 255 255
255 255 255 255 255 255 255 255 255 255 255 255 255 255 255 255 255 255 255 255
255 255 255 255 255 255 255 255 120 255 255 120 255 255 255 255 255 255 200 200
255 255 255 255 255 255 255 255 255 255 255 255 255 255 255 255 255 255 200 200
255 255 255 255 255 255 255 255 255 255 255 255 255 255 200 200 200 200 255 255
120 255 255 255 255 255 255 255 255 255 255 255 255 255 200 200 200 200 255 255
255 255 255 255 120 255 255 255 255 255 200 200 200 200 255 255 255 255 255 255
255 255 120 255 255 255 255 255 200 200 200 200 200 200 255 255 255 255 255 255
255 120 255 255 255 120 255 255 80 160 80 200 255 255 255 255 255 255 255 255
255 255 255 255 200 200 200 200 255 255 255 255 255 120 255 255 255 255 255 255
255 255 120 255 200 200 200 200 255 255 255 255 255 255 255 255 255 255 255 255
200 200 200 200 255 255 255 255 255 255 255 255 255 120 255 255 255 255 255 255
200 200 200 200 255 255 255 255 255 255 255 255 255 255 255 255 255 255 255 255
