P2
20 20
255
255 255 255 120 255 255 255 255 200 200 200 200 200 200 200 200 200 200 200 200
255 255 255 120 255 255 255 255 200 200 200 200 200 200 200 200 200 200 200 200
255 255 255 255 255 255 255 255 200 200 200 200 200 200 200 200 200 200 200 200
255 255 255 120 255 255 255 255 200 200 200 200 200 200 200 200 200 200 200 200
255 255 255 255 255 120 255 255 200 200 200 200 200 200 200 200 200 200 200 200
255 255 120 200 200 200 200 80 200 200 200 200 200 200 200 200 200 200 200 200
255 255 255 200 200 200 200 200 200 200 200 200 200 200 200 200 200 200 200 200
255 255 255 200 200 200 200 200 200 200 200 200 200 200 200 200 0 80 255 255
255 255 255 200 200 200 200 200 200 200 200 200 200 200 200 200 200 200 255 255
255 255 255 200 200 200 200 160 80 200 200 80 200 255 255 255 255 255 255 255
200 200 200 200 200 200 200 200 200 200 200 200 200 255 255 255 255 255 255 255
200 200 200 200 200 200 200 200 200 200 200 200 200 255 255 255 255 255 255 255
80 200 200 200 200 200 200 200 200 200 200 200 200 255 255 255 255 255 255 255
200 200 200 200 80 200 200 200 200 200 200 200 200 255 255 255 255 255 255 255
200 200 80 200 200 200 200 200 200 200 200 200 200 255 255 255 255 255 255 255
200 80 160 200 200 80 200 200 80 200 120 255 255 255 255 255 255 255 255 255
200 200 200 200 200 200 200 200 200 200 255 255 255 120 255 255 255 255 255 255
200 200 80 200 200 200 200 200 200 200 255 255 255 255 255 255 255 255 255 255
200 200 200 200 200 200 200 200 200 200 255 255 255 120 255 255 255 255 255 255
200 200 200 200 200 200 200 200 200 200 255 255 255 255 255 255 255 255 255 255
